Time	Amplitude
1,544600000E+3	5,154655070E-2
1,544600050E+3	4,816259468E-2
1,544600100E+3	4,542320174E-2
1,544600150E+3	4,735689087E-2
1,544600200E+3	4,622890555E-2
1,544600250E+3	4,236152732E-2
1,544600300E+3	4,510092023E-2
1,544600350E+3	4,493977947E-2
1,544600400E+3	4,461749795E-2
1,544600450E+3	4,413407567E-2
1,544600500E+3	4,381179415E-2
1,544600550E+3	3,978327520E-2
1,544600600E+3	3,994441596E-2
1,544600650E+3	4,397293491E-2
1,544600700E+3	4,203924580E-2
1,544600750E+3	4,381179415E-2
1,544600800E+3	3,978327520E-2
1,544600850E+3	3,946099369E-2
1,544600900E+3	4,123354201E-2
1,544600950E+3	4,252266808E-2
1,544601000E+3	4,075011974E-2
1,544601050E+3	4,139468277E-2
1,544601100E+3	4,139468277E-2
1,544601150E+3	3,833300839E-2
1,544601200E+3	3,962213444E-2
1,544601250E+3	3,881643066E-2
1,544601300E+3	4,268380884E-2
1,544601350E+3	4,381179415E-2
1,544601400E+3	3,994441596E-2
1,544601450E+3	3,962213444E-2
1,544601500E+3	4,300609035E-2
1,544601550E+3	3,929985293E-2
1,544601600E+3	4,042783823E-2
1,544601650E+3	4,236152732E-2
1,544601700E+3	4,300609035E-2
1,544601750E+3	4,365065339E-2
1,544601800E+3	4,397293491E-2
1,544601850E+3	4,252266808E-2
1,544601900E+3	4,526206098E-2
1,544601950E+3	4,139468277E-2
1,544602000E+3	4,413407567E-2
1,544602050E+3	4,155582353E-2
1,544602100E+3	4,622890555E-2
1,544602150E+3	4,284494960E-2
1,544602200E+3	4,816259468E-2
1,544602250E+3	4,493977947E-2
1,544602300E+3	5,364138063E-2
1,544602350E+3	4,800145392E-2
1,544602400E+3	4,558434251E-2
1,544602450E+3	4,671232783E-2
1,544602500E+3	4,735689087E-2
1,544602550E+3	4,816259468E-2
1,544602600E+3	5,348023987E-2
1,544602650E+3	5,348023987E-2
1,544602700E+3	5,557506982E-2
1,544602750E+3	5,202997299E-2
1,544602800E+3	5,444708446E-2
1,544602850E+3	5,670305518E-2
1,544602900E+3	5,509164752E-2
1,544602950E+3	6,363210824E-2
1,544603000E+3	5,960358900E-2
1,544603050E+3	6,588807905E-2
1,544603100E+3	6,443781210E-2
1,544603150E+3	6,443781210E-2
1,544603200E+3	6,653264214E-2
1,544603250E+3	6,814404987E-2
1,544603300E+3	6,894975374E-2
1,544603350E+3	7,652337024E-2
1,544603400E+3	7,652337024E-2
1,544603450E+3	7,845705959E-2
1,544603500E+3	7,942390427E-2
1,544603550E+3	8,474155010E-2
1,544603600E+3	8,425812774E-2
1,544603650E+3	9,150946312E-2
1,544603700E+3	9,505456050E-2
1,544603750E+3	9,344315260E-2
1,544603800E+3	8,812550659E-2
1,544603850E+3	1,015001922E-1
1,544603900E+3	1,189033988E-1
1,544603950E+3	9,650482762E-2
1,544604000E+3	1,077846833E-1
1,544604050E+3	1,140691746E-1
1,544604100E+3	1,151971602E-1
1,544604150E+3	1,129411890E-1
1,544604200E+3	1,184199763E-1
1,544604250E+3	1,256713128E-1
1,544604300E+3	1,317946637E-1
1,544604350E+3	1,345340576E-1
1,544604400E+3	1,330837902E-1
1,544604450E+3	1,445247886E-1
1,544604500E+3	1,606388718E-1
1,544604550E+3	1,546766608E-1
1,544604600E+3	1,640228294E-1
1,544604650E+3	1,554823650E-1
1,544604700E+3	1,577383367E-1
1,544604750E+3	1,670845054E-1
1,544604800E+3	2,060805932E-1
1,544604850E+3	1,970567044E-1
1,544604900E+3	2,041469027E-1
1,544604950E+3	1,957675775E-1
1,544605000E+3	2,328299803E-1
1,544605050E+3	2,426595754E-1
1,544605100E+3	2,568399757E-1
1,544605150E+3	2,660250084E-1
1,544605200E+3	3,211352152E-1
1,544605250E+3	2,764991691E-1
1,544605300E+3	3,470789157E-1
1,544605350E+3	3,805962498E-1
1,544605400E+3	3,416001214E-1
1,544605450E+3	3,707666462E-1
1,544605500E+3	4,099239236E-1
1,544605550E+3	4,144358739E-1
1,544605600E+3	5,228838714E-1
1,544605650E+3	5,594629356E-1
1,544605700E+3	6,028099478E-1
1,544605750E+3	5,992648384E-1
1,544605800E+3	7,293059791E-1
1,544605850E+3	7,799044382E-1
1,544605900E+3	7,768427472E-1
1,544605950E+3	9,457193410E-1
1,544606000E+3	8,641815535E-1
1,544606050E+3	8,925425137E-1
1,544606100E+3	1,080111852E+0
1,544606150E+3	1,045466277E+0
1,544606200E+3	1,196940083E+0
1,544606250E+3	1,296526244E+0
1,544606300E+3	1,435431488E+0
1,544606350E+3	1,379353693E+0
1,544606400E+3	1,436076061E+0
1,544606450E+3	1,287985677E+0
1,544606500E+3	1,370813114E+0
1,544606550E+3	1,422056607E+0
1,544606600E+3	1,466693272E+0
1,544606650E+3	1,383704554E+0
1,544606700E+3	1,327949095E+0
1,544606750E+3	1,267520549E+0
1,544606800E+3	1,404330865E+0
1,544606850E+3	1,251406281E+0
1,544606900E+3	1,225945744E+0
1,544606950E+3	1,234647446E+0
1,544607000E+3	1,228524026E+0
1,544607050E+3	1,316507952E+0
1,544607100E+3	1,220789181E+0
1,544607150E+3	1,164711585E+0
1,544607200E+3	1,063675345E+0
1,544607250E+3	1,012109855E+0
1,544607300E+3	8,712717926E-1
1,544607350E+3	9,052727207E-1
1,544607400E+3	8,235738318E-1
1,544607450E+3	8,582193074E-1
1,544607500E+3	8,300195006E-1
1,544607550E+3	7,652405507E-1
1,544607600E+3	7,421973036E-1
1,544607650E+3	6,081276123E-1
1,544607700E+3	7,863501038E-1
1,544607750E+3	6,448678464E-1
1,544607800E+3	6,123172874E-1
1,544607850E+3	5,420596790E-1
1,544607900E+3	4,685792904E-1
1,544607950E+3	4,946841602E-1
1,544608000E+3	4,294219959E-1
1,544608050E+3	3,934875342E-1
1,544608100E+3	3,635152997E-1
1,544608150E+3	3,950989448E-1
1,544608200E+3	2,924521228E-1
1,544608250E+3	3,106610516E-1
1,544608300E+3	2,512000436E-1
1,544608350E+3	2,582902440E-1
1,544608400E+3	2,486217890E-1
1,544608450E+3	2,159101868E-1
1,544608500E+3	2,241283720E-1
1,544608550E+3	1,914167741E-1
1,544608600E+3	1,620891393E-1
1,544608650E+3	1,701461814E-1
1,544608700E+3	1,606388718E-1
1,544608750E+3	1,401739863E-1
1,544608800E+3	1,662788012E-1
1,544608850E+3	1,324392270E-1
1,544608900E+3	1,296998331E-1
1,544608950E+3	1,256713128E-1
1,544609000E+3	1,177754131E-1
1,544609050E+3	1,082681057E-1
1,544609100E+3	1,135857522E-1
1,544609150E+3	1,013390514E-1
1,544609200E+3	9,440999734E-2
1,544609250E+3	9,312087102E-2
1,544609300E+3	8,764208423E-2
1,544609350E+3	8,216329756E-2
1,544609400E+3	7,942390427E-2
1,544609450E+3	7,668451101E-2
1,544609500E+3	7,185028769E-2
1,544609550E+3	7,185028769E-2
1,544609600E+3	6,894975374E-2
1,544609650E+3	6,943317606E-2
1,544609700E+3	6,685492368E-2
1,544609750E+3	6,492123441E-2
1,544609800E+3	5,863674439E-2
1,544609850E+3	6,169841900E-2
1,544609900E+3	5,944244823E-2
1,544609950E+3	5,750875902E-2
1,544610000E+3	6,073157438E-2
1,544610050E+3	5,605849212E-2
1,544610100E+3	5,122426917E-2
1,544610150E+3	5,541392905E-2
1,544610200E+3	5,122426917E-2
1,544610250E+3	5,074084688E-2
1,544610300E+3	5,025742459E-2
1,544610350E+3	4,477863871E-2
1,544610400E+3	4,848487620E-2
1,544610450E+3	4,091126050E-2
1,544610500E+3	4,445635719E-2
1,544610550E+3	4,397293491E-2
1,544610600E+3	4,236152732E-2
1,544610650E+3	4,510092023E-2
1,544610700E+3	4,671232783E-2
1,544610750E+3	3,752730461E-2
1,544610800E+3	4,091126050E-2
1,544610850E+3	3,704388235E-2
1,544610900E+3	3,817186764E-2
1,544610950E+3	3,478791178E-2
1,544611000E+3	3,365992651E-2
1,544611050E+3	3,462677103E-2
1,544611100E+3	3,543247480E-2
1,544611150E+3	3,446563027E-2
1,544611200E+3	3,527133404E-2
1,544611250E+3	3,349878575E-2
1,544611300E+3	3,494905254E-2
1,544611350E+3	3,688274159E-2
1,544611400E+3	3,204851898E-2
1,544611450E+3	2,914798545E-2
1,544611500E+3	3,092053371E-2
1,544611550E+3	2,995368920E-2
1,544611600E+3	2,914798545E-2
1,544611650E+3	2,850342244E-2
1,544611700E+3	2,850342244E-2
1,544611750E+3	2,737543719E-2
1,544611800E+3	2,802000019E-2
1,544611850E+3	2,592517045E-2
1,544611900E+3	2,640859269E-2
1,544611950E+3	2,592517045E-2
1,544612000E+3	2,415262221E-2
1,544612050E+3	2,286349623E-2
1,544612100E+3	2,511946670E-2
1,544612150E+3	2,286349623E-2
1,544612200E+3	2,463604446E-2
1,544612250E+3	2,350805922E-2
1,544612300E+3	2,205779249E-2
1,544612350E+3	2,221893324E-2
1,544612400E+3	2,141322951E-2
1,544612450E+3	2,205779249E-2
1,544612500E+3	2,060752578E-2
1,544612550E+3	1,996296279E-2
1,544612600E+3	2,141322951E-2
1,544612650E+3	2,173551100E-2
1,544612700E+3	1,867383683E-2
1,544612750E+3	1,996296279E-2
1,544612800E+3	1,883497757E-2
1,544612850E+3	2,092980727E-2
1,544612900E+3	1,996296279E-2
1,544612950E+3	1,802927385E-2
1,544613000E+3	1,819041459E-2
1,544613050E+3	1,674014789E-2
1,544613100E+3	1,835155534E-2
1,544613150E+3	1,738471087E-2
1,544613200E+3	1,786813310E-2
1,544613250E+3	1,706242938E-2
1,544613300E+3	1,512874046E-2
1,544613350E+3	1,561216269E-2
1,544613400E+3	1,496759971E-2
1,544613450E+3	1,448417748E-2
1,544613500E+3	1,609558492E-2
1,544613550E+3	1,528988120E-2
1,544613600E+3	1,722357012E-2
1,544613650E+3	1,706242938E-2
1,544613700E+3	1,690128864E-2
1,544613750E+3	1,577330343E-2
1,544613800E+3	1,609558492E-2
1,544613850E+3	1,577330343E-2
1,544613900E+3	1,657900715E-2
1,544613950E+3	1,512874046E-2
1,544614000E+3	1,528988120E-2
1,544614050E+3	1,480645897E-2
1,544614100E+3	1,512874046E-2
1,544614150E+3	1,416189600E-2
1,544614200E+3	1,190592561E-2
1,544614250E+3	1,303391080E-2
1,544614300E+3	1,432303674E-2
1,544614350E+3	1,512874046E-2
1,544614400E+3	1,077794042E-2
1,544614450E+3	1,287277006E-2
1,544614500E+3	1,287277006E-2
1,544614550E+3	1,287277006E-2
1,544614600E+3	1,255048857E-2
1,544614650E+3	1,432303674E-2
1,544614700E+3	1,319505154E-2
1,544614750E+3	1,464531823E-2
1,544614800E+3	1,496759971E-2
1,544614850E+3	1,400075525E-2
1,544614900E+3	1,319505154E-2
1,544614950E+3	1,206706635E-2
1,544615000E+3	1,496759971E-2
1,544615050E+3	1,400075525E-2
1,544615100E+3	1,416189600E-2
1,544615150E+3	1,319505154E-2
1,544615200E+3	1,255048857E-2
1,544615250E+3	1,142250338E-2
1,544615300E+3	1,174478487E-2
1,544615350E+3	1,287277006E-2
1,544615400E+3	1,255048857E-2
1,544615450E+3	1,158364412E-2
1,544615500E+3	1,383961451E-2
1,544615550E+3	1,432303674E-2
1,544615600E+3	1,126136264E-2
1,544615650E+3	1,093908116E-2
1,544615700E+3	1,367847377E-2
1,544615750E+3	1,303391080E-2
1,544615800E+3	1,303391080E-2
1,544615850E+3	1,367847377E-2
1,544615900E+3	1,158364412E-2
1,544615950E+3	1,287277006E-2
1,544616000E+3	1,061679968E-2
1,544616050E+3	1,158364412E-2
1,544616100E+3	1,271162932E-2
1,544616150E+3	1,238934783E-2
1,544616200E+3	1,206706635E-2
1,544616250E+3	1,303391080E-2
1,544616300E+3	1,190592561E-2
1,544616350E+3	1,093908116E-2
1,544616400E+3	1,077794042E-2
1,544616450E+3	1,045565894E-2
1,544616500E+3	1,335619228E-2
1,544616550E+3	1,255048857E-2
1,544616600E+3	1,400075525E-2
1,544616650E+3	1,142250338E-2
1,544616700E+3	1,222820709E-2
1,544616750E+3	1,287277006E-2
1,544616800E+3	1,319505154E-2
1,544616850E+3	1,174478487E-2
1,544616900E+3	1,480645897E-2
1,544616950E+3	1,287277006E-2
1,544617000E+3	1,255048857E-2
1,544617050E+3	1,319505154E-2
1,544617100E+3	1,190592561E-2
1,544617150E+3	1,367847377E-2
1,544617200E+3	1,464531823E-2
1,544617250E+3	1,303391080E-2
1,544617300E+3	1,335619228E-2
1,544617350E+3	1,238934783E-2
1,544617400E+3	1,271162932E-2
1,544617450E+3	1,303391080E-2
1,544617500E+3	1,287277006E-2
1,544617550E+3	1,383961451E-2
1,544617600E+3	1,432303674E-2
1,544617650E+3	1,416189600E-2
1,544617700E+3	1,432303674E-2
1,544617750E+3	1,448417748E-2
1,544617800E+3	1,335619228E-2
1,544617850E+3	1,400075525E-2
1,544617900E+3	1,464531823E-2
1,544617950E+3	1,287277006E-2
1,544618000E+3	1,432303674E-2
1,544618050E+3	1,496759971E-2
1,544618100E+3	1,722357012E-2
1,544618150E+3	1,496759971E-2
1,544618200E+3	1,545102194E-2
1,544618250E+3	1,609558492E-2
1,544618300E+3	1,545102194E-2
1,544618350E+3	1,915725906E-2
1,544618400E+3	1,770699236E-2
1,544618450E+3	1,754585161E-2
1,544618500E+3	1,706242938E-2
1,544618550E+3	1,593444417E-2
1,544618600E+3	1,545102194E-2
1,544618650E+3	1,819041459E-2
1,544618700E+3	1,657900715E-2
1,544618750E+3	1,383961451E-2
1,544618800E+3	2,656973344E-2
1,544618850E+3	2,044638503E-2
1,544618900E+3	2,076866652E-2
1,544618950E+3	1,883497757E-2
1,544619000E+3	1,867383683E-2
1,544619050E+3	2,254121474E-2
1,544619100E+3	2,254121474E-2
1,544619150E+3	2,431376296E-2
1,544619200E+3	2,157437025E-2
1,544619250E+3	1,996296279E-2
1,544619300E+3	2,366919997E-2
1,544619350E+3	2,366919997E-2
1,544619400E+3	2,463604446E-2
1,544619450E+3	2,383034072E-2
1,544619500E+3	2,608631120E-2
1,544619550E+3	2,608631120E-2
1,544619600E+3	2,721429644E-2
1,544619650E+3	2,737543719E-2
1,544619700E+3	2,689201494E-2
1,544619750E+3	2,673087419E-2
1,544619800E+3	2,656973344E-2
1,544619850E+3	2,721429644E-2
1,544619900E+3	2,914798545E-2
1,544619950E+3	2,866456319E-2
1,544620000E+3	3,092053371E-2
1,544620050E+3	3,140395597E-2
1,544620100E+3	3,317650425E-2
1,544620150E+3	3,269308199E-2
1,544620200E+3	3,156509672E-2
1,544620250E+3	3,462677103E-2
1,544620300E+3	3,511019329E-2
1,544620350E+3	3,446563027E-2
1,544620400E+3	3,285422274E-2
1,544620450E+3	3,317650425E-2
1,544620500E+3	3,688274159E-2
1,544620550E+3	3,849414915E-2
1,544620600E+3	4,123354201E-2
1,544620650E+3	3,978327520E-2
1,544620700E+3	3,768844537E-2
1,544620750E+3	4,123354201E-2
1,544620800E+3	4,268380884E-2
1,544620850E+3	4,332837187E-2
1,544620900E+3	4,526206098E-2
1,544620950E+3	4,639004631E-2
1,544621000E+3	4,526206098E-2
1,544621050E+3	4,445635719E-2
1,544621100E+3	5,025742459E-2
1,544621150E+3	4,784031316E-2
1,544621200E+3	4,558434251E-2
1,544621250E+3	4,767917240E-2
1,544621300E+3	5,025742459E-2
1,544621350E+3	5,605849212E-2
1,544621400E+3	5,605849212E-2
1,544621450E+3	5,315795834E-2
1,544621500E+3	5,525278829E-2
1,544621550E+3	6,073157438E-2
1,544621600E+3	5,847560362E-2
1,544621650E+3	6,169841900E-2
1,544621700E+3	6,234298208E-2
1,544621750E+3	6,379324901E-2
1,544621800E+3	6,411553056E-2
1,544621850E+3	6,508237518E-2
1,544621900E+3	6,959431683E-2
1,544621950E+3	6,588807905E-2
1,544622000E+3	7,040002071E-2
1,544622050E+3	6,830519064E-2
1,544622100E+3	7,394511779E-2
1,544622150E+3	7,603994790E-2
1,544622200E+3	7,458968090E-2
1,544622250E+3	7,716793335E-2
1,544622300E+3	7,346169545E-2
1,544622350E+3	7,781249647E-2
1,544622400E+3	7,652337024E-2
1,544622450E+3	7,603994790E-2
1,544622500E+3	7,749021491E-2
1,544622550E+3	8,151873443E-2
1,544622600E+3	7,700679257E-2
1,544622650E+3	7,958504505E-2
1,544622700E+3	8,184101600E-2
1,544622750E+3	8,409698696E-2
1,544622800E+3	8,377470539E-2
1,544622850E+3	8,748094344E-2
1,544622900E+3	8,280786069E-2
1,544622950E+3	8,570839480E-2
1,544623000E+3	8,828664737E-2
1,544623050E+3	8,441926853E-2
1,544623100E+3	9,183174470E-2
1,544623150E+3	8,796436580E-2
1,544623200E+3	9,312087102E-2
1,544623250E+3	8,780322501E-2
1,544623300E+3	9,392657497E-2
1,544623350E+3	9,537684208E-2
1,544623400E+3	9,988878428E-2
1,544623450E+3	9,392657497E-2
1,544623500E+3	9,956650269E-2
1,544623550E+3	9,634368683E-2
1,544623600E+3	9,972764348E-2
1,544623650E+3	9,650482762E-2
1,544623700E+3	1,085903873E-1
1,544623750E+3	9,666596841E-2
1,544623800E+3	1,016613330E-1
1,544623850E+3	1,047230082E-1
1,544623900E+3	1,116520625E-1
1,544623950E+3	1,113297809E-1
1,544624000E+3	1,132634706E-1
1,544624050E+3	1,100406545E-1
1,544624100E+3	1,187422579E-1
1,544624150E+3	1,256713128E-1
1,544624200E+3	1,208370884E-1
1,544624250E+3	1,209982293E-1
1,544624300E+3	1,247044679E-1
1,544624350E+3	1,235764822E-1
1,544624400E+3	1,355009025E-1
1,544624450E+3	1,276050025E-1
1,544624500E+3	1,334060719E-1
1,544624550E+3	1,380791556E-1
1,544624600E+3	1,422688170E-1
1,544624650E+3	1,350174801E-1
1,544624700E+3	1,480698868E-1
1,544624750E+3	1,628948435E-1
1,544624800E+3	1,653119561E-1
1,544624850E+3	1,611222943E-1
1,544624900E+3	1,678902096E-1
1,544624950E+3	1,769140970E-1
1,544625000E+3	1,878716752E-1
1,544625050E+3	1,964121409E-1
1,544625100E+3	1,999572400E-1
1,544625150E+3	2,112371012E-1
1,544625200E+3	2,433041390E-1
1,544625250E+3	2,589348077E-1
1,544625300E+3	2,486217890E-1
1,544625350E+3	2,639301764E-1
1,544625400E+3	3,232300480E-1
1,544625450E+3	3,343487764E-1
1,544625500E+3	3,957435091E-1
1,544625550E+3	4,892053599E-1
1,544625600E+3	5,291683794E-1
1,544625650E+3	5,533395672E-1
1,544625700E+3	7,175426471E-1
1,544625750E+3	8,878694003E-1
1,544625800E+3	9,131686728E-1
1,544625850E+3	9,959956476E-1
1,544625900E+3	1,048205694E+0
1,544625950E+3	1,199518363E+0
1,544626000E+3	1,328110238E+0
1,544626050E+3	1,729196304E+0
1,544626100E+3	1,538240927E+0
1,544626150E+3	1,620101877E+0
1,544626200E+3	1,564668464E+0
1,544626250E+3	1,624936190E+0
1,544626300E+3	1,505045382E+0
1,544626350E+3	1,471849857E+0
1,544626400E+3	1,530344898E+0
1,544626450E+3	1,634765959E+0
1,544626500E+3	1,520031718E+0
1,544626550E+3	1,344224527E+0
1,544626600E+3	1,535984919E+0
1,544626650E+3	1,508912823E+0
1,544626700E+3	1,412065733E+0
1,544626750E+3	1,193233805E+0
1,544626800E+3	1,400463431E+0
1,544626850E+3	1,311673668E+0
1,544626900E+3	1,256562846E+0
1,544626950E+3	1,311834810E+0
1,544627000E+3	1,186304677E+0
1,544627050E+3	1,164711585E+0
1,544627100E+3	9,088178419E-1
1,544627150E+3	1,058518794E+0
1,544627200E+3	1,044499424E+0
1,544627250E+3	9,051115788E-1
1,544627300E+3	9,062395719E-1
1,544627350E+3	8,707883672E-1
1,544627400E+3	8,561244643E-1
1,544627450E+3	7,837718375E-1
1,544627500E+3	7,020730619E-1
1,544627550E+3	6,928879969E-1
1,544627600E+3	6,845086401E-1
1,544627650E+3	6,079664709E-1
1,544627700E+3	5,684868475E-1
1,544627750E+3	5,375477240E-1
1,544627800E+3	5,605909246E-1
1,544627850E+3	5,083811619E-1
1,544627900E+3	4,307111247E-1
1,544627950E+3	4,613279387E-1
1,544628000E+3	3,876864560E-1
1,544628050E+3	3,833356476E-1
1,544628100E+3	3,760843005E-1
1,544628150E+3	3,681883896E-1
1,544628200E+3	3,660935562E-1
1,544628250E+3	3,075993732E-1
1,544628300E+3	3,082439371E-1
1,544628350E+3	2,900350085E-1
1,544628400E+3	2,608684988E-1
1,544628450E+3	2,706980954E-1
1,544628500E+3	2,462046753E-1
1,544628550E+3	2,357305165E-1
1,544628600E+3	1,910944924E-1
1,544628650E+3	2,039857618E-1
1,544628700E+3	1,907722107E-1
1,544628750E+3	1,711130265E-1
1,544628800E+3	1,762695336E-1
1,544628850E+3	1,569326325E-1
1,544628900E+3	1,506481400E-1
1,544628950E+3	1,298609739E-1
1,544629000E+3	1,345340576E-1
1,544629050E+3	1,435579436E-1
1,544629100E+3	1,187422579E-1
1,544629150E+3	1,142303154E-1
1,544629200E+3	9,602140525E-2
1,544629250E+3	9,666596841E-2
1,544629300E+3	9,892193951E-2
1,544629350E+3	9,747167238E-2
1,544629400E+3	8,458040931E-2
1,544629450E+3	8,667523951E-2
1,544629500E+3	7,781249647E-2
1,544629550E+3	8,796436580E-2
1,544629600E+3	6,443781210E-2
1,544629650E+3	6,717720523E-2
1,544629700E+3	6,878861296E-2
1,544629750E+3	6,540465673E-2
1,544629800E+3	5,944244823E-2
1,544629850E+3	6,379324901E-2
1,544629900E+3	5,686419595E-2
1,544629950E+3	5,476936599E-2
1,544630000E+3	5,638077365E-2
1,544630050E+3	5,202997299E-2
1,544630100E+3	4,800145392E-2
1,544630150E+3	5,154655070E-2
1,544630200E+3	4,961286154E-2
1,544630250E+3	4,848487620E-2
1,544630300E+3	4,510092023E-2
1,544630350E+3	4,719575011E-2
1,544630400E+3	4,461749795E-2
1,544630450E+3	5,009628383E-2
1,544630500E+3	4,606776479E-2
1,544630550E+3	4,558434251E-2
1,544630600E+3	4,622890555E-2
1,544630650E+3	4,526206098E-2
1,544630700E+3	3,913871217E-2
1,544630750E+3	4,365065339E-2
1,544630800E+3	4,236152732E-2
1,544630850E+3	4,026669747E-2
1,544630900E+3	3,833300839E-2
1,544630950E+3	4,203924580E-2
1,544631000E+3	4,010555671E-2
1,544631050E+3	4,042783823E-2
1,544631100E+3	4,058897898E-2
1,544631150E+3	4,187810505E-2
1,544631200E+3	4,268380884E-2
1,544631250E+3	4,252266808E-2
1,544631300E+3	4,236152732E-2
1,544631350E+3	4,493977947E-2
1,544631400E+3	4,123354201E-2
1,544631450E+3	4,075011974E-2
1,544631500E+3	4,445635719E-2
1,544631550E+3	4,719575011E-2
1,544631600E+3	4,284494960E-2
1,544631650E+3	4,026669747E-2
1,544631700E+3	4,477863871E-2
1,544631750E+3	4,058897898E-2
1,544631800E+3	4,010555671E-2
1,544631850E+3	4,526206098E-2
1,544631900E+3	4,171696429E-2
1,544631950E+3	4,316723111E-2
1,544632000E+3	4,220038656E-2
1,544632050E+3	4,655118707E-2
1,544632100E+3	4,187810505E-2
1,544632150E+3	4,751803163E-2
1,544632200E+3	4,800145392E-2
1,544632250E+3	4,848487620E-2
1,544632300E+3	4,558434251E-2
1,544632350E+3	4,880715773E-2
1,544632400E+3	4,993514306E-2
1,544632450E+3	4,703460935E-2
1,544632500E+3	5,235225452E-2
1,544632550E+3	5,041856535E-2
1,544632600E+3	5,154655070E-2
1,544632650E+3	5,783104055E-2
1,544632700E+3	5,267453604E-2
1,544632750E+3	5,654191442E-2
1,544632800E+3	5,783104055E-2
1,544632850E+3	5,493050675E-2
1,544632900E+3	5,879788516E-2
1,544632950E+3	5,815332209E-2
1,544633000E+3	6,347096747E-2
1,544633050E+3	6,363210824E-2
1,544633100E+3	6,153727823E-2
1,544633150E+3	6,991659838E-2
1,544633200E+3	6,588807905E-2
1,544633250E+3	7,040002071E-2
1,544633300E+3	6,733834600E-2
1,544633350E+3	7,281713235E-2
1,544633400E+3	7,829591881E-2
1,544633450E+3	7,716793335E-2
1,544633500E+3	7,684565179E-2
1,544633550E+3	8,022960818E-2
1,544633600E+3	8,731980266E-2
1,544633650E+3	8,893121052E-2
1,544633700E+3	9,295973023E-2
1,544633750E+3	9,086489997E-2
1,544633800E+3	1,015001922E-1
1,544633850E+3	1,015001922E-1
1,544633900E+3	9,457113813E-2
1,544633950E+3	1,085903873E-1
1,544634000E+3	1,185811171E-1
1,544634050E+3	1,127800482E-1
1,544634100E+3	1,218039333E-1
1,544634150E+3	1,195479620E-1
1,544634200E+3	1,288941290E-1
1,544634250E+3	1,237376230E-1
1,544634300E+3	1,277661433E-1
1,544634350E+3	1,416242537E-1
1,544634400E+3	1,446859294E-1
1,544634450E+3	1,762695336E-1
1,544634500E+3	1,651508153E-1
1,544634550E+3	1,704684631E-1
1,544634600E+3	1,889996612E-1
1,544634650E+3	1,804591958E-1
1,544634700E+3	2,365362210E-1
1,544634750E+3	2,284791761E-1
1,544634800E+3	2,165547503E-1
1,544634850E+3	3,050211177E-1
1,544634900E+3	2,676364177E-1
1,544634950E+3	2,868121895E-1
1,544635000E+3	3,311259565E-1
1,544635050E+3	3,222632021E-1
1,544635100E+3	3,142061531E-1
1,544635150E+3	3,933263931E-1
1,544635200E+3	3,733449028E-1
1,544635250E+3	5,101537152E-1
1,544635300E+3	4,595553861E-1
1,544635350E+3	5,697759779E-1
1,544635400E+3	7,069073070E-1
1,544635450E+3	6,413227355E-1
1,544635500E+3	7,144809581E-1
1,544635550E+3	7,799044382E-1
1,544635600E+3	8,777174651E-1
1,544635650E+3	1,047399983E+0
1,544635700E+3	1,094614656E+0
1,544635750E+3	1,171157283E+0
1,544635800E+3	1,231102308E+0
1,544635850E+3	1,225140031E+0
1,544635900E+3	1,300554814E+0
1,544635950E+3	1,423023465E+0
1,544636000E+3	1,395790282E+0
1,544636050E+3	1,405781153E+0
1,544636100E+3	1,423184609E+0
1,544636150E+3	1,395790282E+0
1,544636200E+3	1,308611954E+0
1,544636250E+3	1,347447386E+0
1,544636300E+3	1,236420014E+0
1,544636350E+3	1,203869212E+0
1,544636400E+3	1,175185845E+0
1,544636450E+3	1,200001791E+0
1,544636500E+3	1,007436735E+0
1,544636550E+3	1,150369908E+0
1,544636600E+3	9,608666863E-1
1,544636650E+3	1,013560134E+0
1,544636700E+3	9,110738283E-1
1,544636750E+3	9,510370257E-1
1,544636800E+3	8,266355244E-1
1,544636850E+3	7,430030115E-1
1,544636900E+3	7,707193655E-1
1,544636950E+3	7,459035598E-1
1,544637000E+3	6,646882413E-1
1,544637050E+3	5,762216298E-1
1,544637100E+3	5,443156565E-1
1,544637150E+3	5,148268104E-1
1,544637200E+3	4,408630149E-1
1,544637250E+3	3,967103555E-1
1,544637300E+3	4,020280108E-1
1,544637350E+3	3,061491045E-1
1,544637400E+3	3,229077660E-1
1,544637450E+3	2,576456803E-1
1,544637500E+3	2,903572904E-1
1,544637550E+3	2,555508484E-1
1,544637600E+3	2,288014579E-1
1,544637650E+3	1,919001967E-1
1,544637700E+3	1,898053655E-1
1,544637750E+3	1,575771959E-1
1,544637800E+3	1,424299578E-1
1,544637850E+3	1,317946637E-1
1,544637900E+3	1,351786209E-1
1,544637950E+3	1,267992984E-1
1,544638000E+3	1,140691746E-1
1,544638050E+3	1,097183729E-1
1,544638100E+3	1,008556290E-1
1,544638150E+3	9,118718155E-2
1,544638200E+3	9,618254604E-2
1,544638250E+3	8,651409873E-2
1,544638300E+3	8,313014226E-2
1,544638350E+3	7,990732662E-2
1,544638400E+3	6,604921982E-2
1,544638450E+3	6,814404987E-2
1,544638500E+3	7,136686536E-2
1,544638550E+3	6,395438978E-2
1,544638600E+3	6,202070054E-2
1,544638650E+3	6,604921982E-2
1,544638700E+3	5,960358900E-2
1,544638750E+3	5,283567681E-2
1,544638800E+3	6,250412285E-2
1,544638850E+3	5,863674439E-2
1,544638900E+3	4,912943925E-2
1,544638950E+3	4,800145392E-2
1,544639000E+3	4,929058001E-2
1,544639050E+3	4,929058001E-2
1,544639100E+3	4,574548327E-2
1,544639150E+3	4,639004631E-2
1,544639200E+3	4,445635719E-2
1,544639250E+3	4,413407567E-2
1,544639300E+3	4,316723111E-2
1,544639350E+3	4,091126050E-2
1,544639400E+3	3,817186764E-2
1,544639450E+3	3,833300839E-2
1,544639500E+3	3,736616386E-2
1,544639550E+3	3,784958612E-2
1,544639600E+3	3,672160084E-2
1,544639650E+3	3,752730461E-2
1,544639700E+3	3,462677103E-2
1,544639750E+3	3,172623747E-2
1,544639800E+3	3,172623747E-2
1,544639850E+3	3,430448952E-2
1,544639900E+3	3,220965973E-2
1,544639950E+3	3,156509672E-2
1,544640000E+3	3,204851898E-2
1,544640050E+3	3,237080048E-2
1,544640100E+3	3,124281521E-2
1,544640150E+3	2,850342244E-2
1,544640200E+3	2,721429644E-2
1,544640250E+3	2,689201494E-2
1,544640300E+3	2,640859269E-2
1,544640350E+3	2,834228169E-2
1,544640400E+3	2,383034072E-2
1,544640450E+3	2,350805922E-2
1,544640500E+3	2,318577773E-2
1,544640550E+3	2,238007399E-2
1,544640600E+3	1,996296279E-2
1,544640650E+3	2,399148146E-2
1,544640700E+3	2,125208876E-2
1,544640750E+3	2,286349623E-2
1,544640800E+3	2,076866652E-2
1,544640850E+3	2,270235548E-2
1,544640900E+3	2,012410354E-2
1,544640950E+3	2,012410354E-2
1,544641000E+3	1,996296279E-2
1,544641050E+3	2,092980727E-2
1,544641100E+3	1,819041459E-2
1,544641150E+3	1,674014789E-2
1,544641200E+3	1,609558492E-2
1,544641250E+3	1,819041459E-2
1,544641300E+3	1,625672566E-2
1,544641350E+3	1,625672566E-2
1,544641400E+3	1,690128864E-2
1,544641450E+3	1,690128864E-2
1,544641500E+3	1,593444417E-2
1,544641550E+3	1,528988120E-2
1,544641600E+3	1,400075525E-2
1,544641650E+3	1,528988120E-2
1,544641700E+3	1,383961451E-2
1,544641750E+3	1,367847377E-2
1,544641800E+3	1,496759971E-2
1,544641850E+3	1,480645897E-2
1,544641900E+3	1,271162932E-2
1,544641950E+3	1,416189600E-2
1,544642000E+3	1,255048857E-2
1,544642050E+3	1,190592561E-2
1,544642100E+3	1,271162932E-2
1,544642150E+3	1,383961451E-2
1,544642200E+3	1,303391080E-2
1,544642250E+3	1,287277006E-2
1,544642300E+3	1,045565894E-2
1,544642350E+3	1,142250338E-2
1,544642400E+3	1,206706635E-2
1,544642450E+3	1,287277006E-2
1,544642500E+3	1,206706635E-2
1,544642550E+3	1,319505154E-2
1,544642600E+3	1,206706635E-2
1,544642650E+3	1,271162932E-2
1,544642700E+3	1,093908116E-2
1,544642750E+3	1,013337746E-2
1,544642800E+3	1,110022190E-2
1,544642850E+3	1,238934783E-2
1,544642900E+3	1,045565894E-2
1,544642950E+3	1,142250338E-2
1,544643000E+3	1,029451820E-2
1,544643050E+3	1,126136264E-2
1,544643100E+3	1,029451820E-2
1,544643150E+3	1,061679968E-2
1,544643200E+3	1,174478487E-2
1,544643250E+3	7,555125616E-3
1,544643300E+3	1,093908116E-2
1,544643350E+3	1,351733303E-2
1,544643400E+3	1,190592561E-2
1,544643450E+3	1,158364412E-2
1,544643500E+3	1,238934783E-2
1,544643550E+3	9,488814493E-3
1,544643600E+3	9,327673753E-3
1,544643650E+3	7,393984877E-3
1,544643700E+3	1,029451820E-2
1,544643750E+3	9,166533013E-3
1,544643800E+3	9,327673753E-3
1,544643850E+3	9,166533013E-3
1,544643900E+3	9,488814493E-3
1,544643950E+3	9,972236714E-3
1,544644000E+3	9,811095974E-3
1,544644050E+3	8,360829313E-3
1,544644100E+3	1,045565894E-2
1,544644150E+3	1,013337746E-2
1,544644200E+3	1,061679968E-2
1,544644250E+3	1,061679968E-2
1,544644300E+3	1,126136264E-2
1,544644350E+3	1,222820709E-2
1,544644400E+3	1,093908116E-2
1,544644450E+3	1,158364412E-2
1,544644500E+3	8,844251533E-3
1,544644550E+3	9,811095974E-3
1,544644600E+3	1,061679968E-2
1,544644650E+3	9,649955234E-3
1,544644700E+3	9,649955234E-3
1,544644750E+3	1,110022190E-2
1,544644800E+3	1,061679968E-2
1,544644850E+3	1,013337746E-2
1,544644900E+3	1,190592561E-2
1,544644950E+3	1,061679968E-2
1,544645000E+3	1,222820709E-2
1,544645050E+3	1,093908116E-2
1,544645100E+3	1,093908116E-2
1,544645150E+3	1,061679968E-2
1,544645200E+3	1,093908116E-2
1,544645250E+3	9,811095974E-3
1,544645300E+3	9,972236714E-3
1,544645350E+3	1,174478487E-2
1,544645400E+3	1,174478487E-2
1,544645450E+3	1,287277006E-2
1,544645500E+3	1,351733303E-2
1,544645550E+3	1,416189600E-2
1,544645600E+3	1,222820709E-2
1,544645650E+3	1,061679968E-2
1,544645700E+3	1,045565894E-2
1,544645750E+3	1,222820709E-2
1,544645800E+3	1,222820709E-2
1,544645850E+3	1,303391080E-2
1,544645900E+3	1,383961451E-2
1,544645950E+3	1,512874046E-2
1,544646000E+3	1,528988120E-2
1,544646050E+3	1,416189600E-2
1,544646100E+3	1,480645897E-2
1,544646150E+3	1,528988120E-2
1,544646200E+3	1,545102194E-2
1,544646250E+3	1,496759971E-2
1,544646300E+3	1,545102194E-2
1,544646350E+3	1,561216269E-2
1,544646400E+3	1,528988120E-2
1,544646450E+3	1,561216269E-2
1,544646500E+3	1,738471087E-2
1,544646550E+3	1,802927385E-2
1,544646600E+3	1,641786640E-2
1,544646650E+3	1,819041459E-2
1,544646700E+3	1,996296279E-2
1,544646750E+3	1,690128864E-2
1,544646800E+3	1,786813310E-2
1,544646850E+3	1,915725906E-2
1,544646900E+3	1,899611832E-2
1,544646950E+3	2,060752578E-2
1,544647000E+3	1,947954055E-2
1,544647050E+3	1,980182205E-2
1,544647100E+3	2,060752578E-2
1,544647150E+3	2,076866652E-2
1,544647200E+3	2,076866652E-2
1,544647250E+3	2,415262221E-2
1,544647300E+3	2,350805922E-2
1,544647350E+3	2,495832595E-2
1,544647400E+3	2,366919997E-2
1,544647450E+3	2,383034072E-2
1,544647500E+3	2,495832595E-2
1,544647550E+3	2,608631120E-2
1,544647600E+3	2,592517045E-2
1,544647650E+3	2,721429644E-2
1,544647700E+3	2,656973344E-2
1,544647750E+3	2,576402970E-2
1,544647800E+3	2,544174820E-2
1,544647850E+3	2,737543719E-2
1,544647900E+3	2,850342244E-2
1,544647950E+3	3,188737822E-2
1,544648000E+3	3,059825221E-2
1,544648050E+3	2,979254845E-2
1,544648100E+3	3,092053371E-2
1,544648150E+3	3,204851898E-2
1,544648200E+3	3,188737822E-2
1,544648250E+3	3,140395597E-2
1,544648300E+3	3,220965973E-2
1,544648350E+3	3,349878575E-2
1,544648400E+3	3,365992651E-2
1,544648450E+3	3,543247480E-2
1,544648500E+3	3,478791178E-2
1,544648550E+3	3,639931933E-2
1,544648600E+3	3,768844537E-2
1,544648650E+3	3,897757142E-2
1,544648700E+3	3,946099369E-2
1,544648750E+3	3,913871217E-2
1,544648800E+3	6,556579750E-2
1,544648850E+3	4,220038656E-2
1,544648900E+3	4,461749795E-2
1,544648950E+3	4,429521643E-2
1,544649000E+3	4,880715773E-2
1,544649050E+3	4,719575011E-2
1,544649100E+3	4,735689087E-2
1,544649150E+3	5,009628383E-2
1,544649200E+3	5,090198764E-2
1,544649250E+3	5,138540993E-2
1,544649300E+3	5,621963288E-2
1,544649350E+3	5,493050675E-2
1,544649400E+3	5,750875902E-2
1,544649450E+3	6,057043361E-2
1,544649500E+3	6,057043361E-2
1,544649550E+3	5,976472977E-2
1,544649600E+3	6,669378291E-2
1,544649650E+3	6,314868593E-2
1,544649700E+3	6,749948677E-2
1,544649750E+3	7,249485079E-2
1,544649800E+3	7,249485079E-2
1,544649850E+3	7,152800614E-2
1,544649900E+3	7,684565179E-2
1,544649950E+3	8,313014226E-2
1,544650000E+3	7,056116148E-2
1,544650050E+3	7,942390427E-2
1,544650100E+3	8,184101600E-2
1,544650150E+3	8,167987521E-2
1,544650200E+3	8,667523951E-2
1,544650250E+3	8,280786069E-2
1,544650300E+3	8,329128304E-2
1,544650350E+3	8,635295794E-2
1,544650400E+3	8,683638030E-2
1,544650450E+3	9,279858944E-2
1,544650500E+3	9,457113813E-2
1,544650550E+3	9,666596841E-2
1,544650600E+3	9,408771576E-2
1,544650650E+3	9,279858944E-2
1,544650700E+3	9,295973023E-2
1,544650750E+3	9,650482762E-2
1,544650800E+3	9,328201181E-2
1,544650850E+3	9,569912366E-2
1,544650900E+3	9,843851713E-2
1,544650950E+3	9,795509475E-2
1,544651000E+3	9,666596841E-2
1,544651050E+3	9,763281317E-2
1,544651100E+3	9,763281317E-2
1,544651150E+3	9,714939079E-2
1,544651200E+3	9,956650269E-2
1,544651250E+3	1,021447554E-1
1,544651300E+3	1,050452897E-1
1,544651350E+3	1,039173042E-1
1,544651400E+3	1,031116002E-1
1,544651450E+3	1,040784450E-1
1,544651500E+3	1,061732753E-1
1,544651550E+3	1,060121345E-1
1,544651600E+3	1,074624017E-1
1,544651650E+3	1,056898529E-1
1,544651700E+3	1,082681057E-1
1,544651750E+3	1,108463585E-1
1,544651800E+3	1,132634706E-1
1,544651850E+3	1,163251459E-1
1,544651900E+3	1,139080338E-1
1,544651950E+3	1,192256804E-1
1,544652000E+3	1,192256804E-1
1,544652050E+3	1,226096374E-1
1,544652100E+3	1,201925252E-1
1,544652150E+3	1,240599046E-1
1,544652200E+3	1,261547352E-1
1,544652250E+3	1,264770168E-1
1,544652300E+3	1,247044679E-1
1,544652350E+3	1,340506351E-1
1,544652400E+3	1,319558045E-1
1,544652450E+3	1,379180148E-1
1,544652500E+3	1,364677474E-1
1,544652550E+3	1,525818300E-1
1,544652600E+3	1,437190844E-1
1,544652650E+3	1,501647175E-1
1,544652700E+3	1,580606184E-1
1,544652750E+3	1,624114210E-1
1,544652800E+3	1,699850406E-1
1,544652850E+3	1,767529562E-1
1,544652900E+3	1,898053655E-1
1,544652950E+3	1,980235496E-1
1,544653000E+3	2,134930736E-1
1,544653050E+3	2,578068213E-1
1,544653100E+3	2,542617210E-1
1,544653150E+3	2,977697744E-1
1,544653200E+3	3,453063646E-1
1,544653250E+3	3,633541587E-1
1,544653300E+3	4,057342555E-1
1,544653350E+3	4,626170678E-1
1,544653400E+3	5,369031590E-1
1,544653450E+3	6,123172874E-1
1,544653500E+3	6,308485450E-1
1,544653550E+3	8,332423352E-1
1,544653600E+3	9,389513792E-1
1,544653650E+3	1,044660566E+0
1,544653700E+3	1,252856565E+0
1,544653750E+3	1,222722892E+0
1,544653800E+3	1,595608036E+0
1,544653850E+3	1,358727391E+0
1,544653900E+3	1,761747421E+0
1,544653950E+3	1,664738711E+0
1,544654000E+3	1,633315665E+0
1,544654050E+3	1,777539555E+0
1,544654100E+3	1,666027862E+0
1,544654150E+3	1,586745136E+0
1,544654200E+3	1,740476391E+0
1,544654250E+3	1,691327458E+0
1,544654300E+3	1,785435624E+0
1,544654350E+3	1,558061578E+0
1,544654400E+3	1,491992770E+0
1,544654450E+3	1,578365668E+0
1,544654500E+3	1,568213622E+0
1,544654550E+3	1,444777793E+0
1,544654600E+3	1,390633705E+0
1,544654650E+3	1,337456525E+0
1,544654700E+3	1,261397127E+0
1,544654750E+3	1,318441667E+0
1,544654800E+3	1,214504621E+0
1,544654850E+3	1,225301174E+0
1,544654900E+3	1,092842091E+0
1,544654950E+3	1,053362244E+0
1,544655000E+3	9,819762895E-1
1,544655050E+3	8,607975760E-1
1,544655100E+3	8,954430670E-1
1,544655150E+3	7,702359407E-1
1,544655200E+3	6,640436755E-1
1,544655250E+3	6,479295331E-1
1,544655300E+3	6,419673011E-1
1,544655350E+3	6,124784288E-1
1,544655400E+3	5,633303264E-1
1,544655450E+3	5,470550579E-1
1,544655500E+3	4,411852971E-1
1,544655550E+3	4,445692607E-1
1,544655600E+3	4,684181492E-1
1,544655650E+3	4,002554590E-1
1,544655700E+3	3,343487764E-1
1,544655750E+3	3,349933404E-1
1,544655800E+3	3,873641739E-1
1,544655850E+3	3,056656816E-1
1,544655900E+3	2,737597732E-1
1,544655950E+3	2,861676257E-1
1,544656000E+3	2,281568943E-1
1,544656050E+3	2,578068213E-1
1,544656100E+3	2,381476300E-1
1,544656150E+3	1,931893236E-1
1,544656200E+3	1,957675775E-1
1,544656250E+3	1,701461814E-1
1,544656300E+3	1,661176603E-1
1,544656350E+3	1,608000126E-1
1,544656400E+3	1,553212242E-1
1,544656450E+3	1,474253234E-1
1,544656500E+3	1,274438617E-1
1,544656550E+3	1,311501004E-1
1,544656600E+3	1,163251459E-1
1,544656650E+3	1,085903873E-1
1,544656700E+3	1,103629361E-1
1,544656750E+3	9,263744865E-2
1,544656800E+3	8,909235131E-2
1,544656850E+3	8,474155010E-2
1,544656900E+3	9,199288549E-2
1,544656950E+3	8,715866187E-2
1,544657000E+3	8,313014226E-2
1,544657050E+3	7,475082167E-2
1,544657100E+3	6,814404987E-2
1,544657150E+3	6,685492368E-2
1,544657200E+3	6,282640439E-2
1,544657250E+3	6,894975374E-2
1,544657300E+3	6,411553056E-2
1,544657350E+3	5,750875902E-2
1,544657400E+3	5,589735135E-2
1,544657450E+3	5,509164752E-2
1,544657500E+3	6,314868593E-2
1,544657550E+3	5,057970612E-2
1,544657600E+3	5,396366216E-2
1,544657650E+3	4,800145392E-2
1,544657700E+3	4,880715773E-2
1,544657750E+3	4,622890555E-2
1,544657800E+3	4,558434251E-2
1,544657850E+3	4,961286154E-2
1,544657900E+3	4,461749795E-2
1,544657950E+3	4,816259468E-2
1,544658000E+3	4,558434251E-2
1,544658050E+3	4,252266808E-2
1,544658100E+3	4,042783823E-2
1,544658150E+3	4,236152732E-2
1,544658200E+3	4,461749795E-2
1,544658250E+3	4,171696429E-2
1,544658300E+3	4,252266808E-2
1,544658350E+3	3,946099369E-2
1,544658400E+3	4,139468277E-2
1,544658450E+3	4,010555671E-2
1,544658500E+3	3,672160084E-2
1,544658550E+3	3,946099369E-2
1,544658600E+3	3,833300839E-2
1,544658650E+3	3,849414915E-2
1,544658700E+3	3,607703782E-2
1,544658750E+3	3,623817857E-2
1,544658800E+3	6,459895287E-2
1,544658850E+3	3,656046008E-2
1,544658900E+3	3,929985293E-2
1,544658950E+3	3,913871217E-2
1,544659000E+3	4,026669747E-2
1,544659050E+3	4,075011974E-2
1,544659100E+3	4,300609035E-2
1,544659150E+3	4,058897898E-2
1,544659200E+3	4,268380884E-2
1,544659250E+3	3,946099369E-2
1,544659300E+3	4,236152732E-2
1,544659350E+3	4,220038656E-2
1,544659400E+3	4,236152732E-2
1,544659450E+3	4,365065339E-2
1,544659500E+3	4,784031316E-2
1,544659550E+3	4,236152732E-2
1,544659600E+3	4,365065339E-2
1,544659650E+3	4,316723111E-2
1,544659700E+3	4,719575011E-2
1,544659750E+3	4,477863871E-2
1,544659800E+3	4,784031316E-2
1,544659850E+3	5,025742459E-2
1,544659900E+3	4,671232783E-2
1,544659950E+3	4,639004631E-2
1,544660000E+3	5,525278829E-2
1,544660050E+3	5,428594369E-2
1,544660100E+3	5,605849212E-2
1,544660150E+3	5,670305518E-2
1,544660200E+3	5,106312841E-2
1,544660250E+3	5,863674439E-2
1,544660300E+3	5,879788516E-2
1,544660350E+3	6,137613746E-2
1,544660400E+3	6,669378291E-2
1,544660450E+3	6,250412285E-2
1,544660500E+3	6,024815207E-2
1,544660550E+3	7,475082167E-2
1,544660600E+3	7,104458381E-2
1,544660650E+3	6,604921982E-2
1,544660700E+3	7,926276349E-2
1,544660750E+3	7,797363725E-2
1,544660800E+3	8,586953559E-2
1,544660850E+3	8,458040931E-2
1,544660900E+3	9,231516707E-2
1,544660950E+3	9,022033682E-2
1,544661000E+3	9,102604076E-2
1,544661050E+3	9,134832234E-2
1,544661100E+3	1,019836146E-1
1,544661150E+3	9,586026446E-2
1,544661200E+3	9,972764348E-2
1,544661250E+3	1,056898529E-1
1,544661300E+3	1,118132033E-1
1,544661350E+3	1,232542006E-1
1,544661400E+3	1,161640050E-1
1,544661450E+3	1,256713128E-1
1,544661500E+3	1,334060719E-1
1,544661550E+3	1,393682822E-1
1,544661600E+3	1,327615086E-1
1,544661650E+3	1,372734515E-1
1,544661700E+3	1,582217592E-1
1,544661750E+3	1,598331676E-1
1,544661800E+3	1,564492100E-1
1,544661850E+3	1,952841549E-1
1,544661900E+3	1,794923507E-1
1,544661950E+3	1,794923507E-1
1,544662000E+3	1,899665064E-1
1,544662050E+3	2,584513849E-1
1,544662100E+3	2,186495818E-1
1,544662150E+3	2,317019940E-1
1,544662200E+3	2,536171574E-1
1,544662250E+3	2,824613839E-1
1,544662300E+3	2,803665517E-1
1,544662350E+3	3,443395185E-1
1,544662400E+3	3,930041110E-1
1,544662450E+3	4,440858373E-1
1,544662500E+3	5,280403908E-1
1,544662550E+3	4,083125128E-1
1,544662600E+3	5,900797826E-1
1,544662650E+3	6,205354969E-1
1,544662700E+3	6,816080937E-1
1,544662750E+3	7,550886299E-1
1,544662800E+3	7,069073070E-1
1,544662850E+3	8,453279660E-1
1,544662900E+3	9,418519342E-1
1,544662950E+3	9,863271245E-1
1,544663000E+3	1,052234249E+0
1,544663050E+3	1,076566723E+0
1,544663100E+3	1,169545859E+0
1,544663150E+3	1,294109102E+0
1,544663200E+3	1,293303388E+0
1,544663250E+3	1,316024524E+0
1,544663300E+3	1,398690857E+0
1,544663350E+3	1,441554929E+0
1,544663400E+3	1,444938936E+0
1,544663450E+3	1,497149357E+0
1,544663500E+3	1,386927415E+0
1,544663550E+3	1,392889707E+0
1,544663600E+3	1,405620010E+0
1,544663650E+3	1,418672601E+0
1,544663700E+3	1,222722892E+0
1,544663750E+3	1,330527381E+0
1,544663800E+3	1,169384716E+0
1,544663850E+3	1,134416811E+0
1,544663900E+3	1,197906938E+0
1,544663950E+3	1,070443318E+0
1,544664000E+3	9,853602722E-1
1,544664050E+3	1,055940519E+0
1,544664100E+3	9,739191883E-1
1,544664150E+3	9,320222760E-1
1,544664200E+3	8,524182035E-1
1,544664250E+3	7,799044382E-1
1,544664300E+3	8,234126901E-1
1,544664350E+3	7,554109131E-1
1,544664400E+3	6,445455636E-1
1,544664450E+3	5,862123910E-1
1,544664500E+3	6,244028898E-1
1,544664550E+3	5,270735434E-1
1,544664600E+3	5,070920323E-1
1,544664650E+3	5,088645856E-1
1,544664700E+3	3,805962498E-1
1,544664750E+3	4,195923888E-1
1,544664800E+3	3,485291848E-1
1,544664850E+3	2,924521228E-1
1,544664900E+3	3,111444745E-1
1,544664950E+3	2,473326617E-1
1,544665000E+3	2,197775680E-1
1,544665050E+3	2,325076985E-1
1,544665100E+3	2,099479742E-1
1,544665150E+3	1,862602666E-1
1,544665200E+3	1,685347730E-1
1,544665250E+3	1,525818300E-1
1,544665300E+3	1,411408312E-1
1,544665350E+3	1,329226494E-1
1,544665400E+3	1,269604393E-1
1,544665450E+3	1,234153414E-1
1,544665500E+3	1,116520625E-1
1,544665550E+3	1,060121345E-1
1,544665600E+3	9,118718155E-2
1,544665650E+3	9,183174470E-2
1,544665700E+3	9,263744865E-2
1,544665750E+3	8,458040931E-2
1,544665800E+3	7,942390427E-2
1,544665850E+3	7,442854012E-2
1,544665900E+3	6,927203529E-2
1,544665950E+3	6,830519064E-2
1,544666000E+3	7,362283623E-2
1,544666050E+3	6,637150136E-2
1,544666100E+3	6,105385592E-2
1,544666150E+3	6,330982670E-2
1,544666200E+3	5,895902593E-2
1,544666250E+3	5,928130746E-2
1,544666300E+3	5,863674439E-2
1,544666350E+3	5,267453604E-2
1,544666400E+3	5,186883222E-2
1,544666450E+3	5,235225452E-2
1,544666500E+3	4,912943925E-2
1,544666550E+3	4,977400230E-2
1,544666600E+3	4,832373544E-2
1,544666650E+3	4,445635719E-2
1,544666700E+3	4,365065339E-2
1,544666750E+3	4,171696429E-2
1,544666800E+3	4,606776479E-2
1,544666850E+3	4,252266808E-2
1,544666900E+3	4,284494960E-2
1,544666950E+3	3,833300839E-2
1,544667000E+3	4,010555671E-2
1,544667050E+3	3,881643066E-2
1,544667100E+3	3,623817857E-2
1,544667150E+3	3,913871217E-2
1,544667200E+3	3,672160084E-2
1,544667250E+3	3,430448952E-2
1,544667300E+3	3,543247480E-2
1,544667350E+3	3,656046008E-2
1,544667400E+3	3,365992651E-2
1,544667450E+3	3,317650425E-2
1,544667500E+3	3,156509672E-2
1,544667550E+3	3,043711146E-2
1,544667600E+3	3,043711146E-2
1,544667650E+3	3,140395597E-2
1,544667700E+3	2,818114094E-2
1,544667750E+3	2,963140770E-2
1,544667800E+3	3,043711146E-2
1,544667850E+3	2,898684470E-2
1,544667900E+3	2,737543719E-2
1,544667950E+3	2,769771869E-2
1,544668000E+3	2,608631120E-2
1,544668050E+3	2,544174820E-2
1,544668100E+3	2,689201494E-2
1,544668150E+3	2,447490371E-2
1,544668200E+3	2,302463698E-2
1,544668250E+3	2,350805922E-2
1,544668300E+3	2,318577773E-2
1,544668350E+3	2,366919997E-2
1,544668400E+3	2,189665175E-2
1,544668450E+3	2,141322951E-2
1,544668500E+3	2,189665175E-2
1,544668550E+3	2,125208876E-2
1,544668600E+3	2,109094801E-2
1,544668650E+3	1,754585161E-2
1,544668700E+3	2,125208876E-2
1,544668750E+3	2,141322951E-2
1,544668800E+3	1,722357012E-2
1,544668850E+3	1,867383683E-2
1,544668900E+3	1,835155534E-2
1,544668950E+3	1,980182205E-2
1,544669000E+3	2,012410354E-2
1,544669050E+3	1,674014789E-2
1,544669100E+3	1,609558492E-2
1,544669150E+3	1,690128864E-2
1,544669200E+3	2,076866652E-2
1,544669250E+3	1,899611832E-2
1,544669300E+3	1,754585161E-2
1,544669350E+3	1,819041459E-2
1,544669400E+3	1,738471087E-2
1,544669450E+3	1,674014789E-2
1,544669500E+3	1,786813310E-2
1,544669550E+3	1,577330343E-2
1,544669600E+3	1,577330343E-2
1,544669650E+3	1,690128864E-2
1,544669700E+3	1,609558492E-2
1,544669750E+3	1,577330343E-2
1,544669800E+3	1,722357012E-2
1,544669850E+3	1,819041459E-2
1,544669900E+3	1,754585161E-2
1,544669950E+3	1,593444417E-2
1,544670000E+3	1,545102194E-2
1,544670050E+3	1,351733303E-2
1,544670100E+3	1,271162932E-2
1,544670150E+3	1,561216269E-2
1,544670200E+3	1,819041459E-2
1,544670250E+3	1,674014789E-2
1,544670300E+3	1,819041459E-2
1,544670350E+3	1,609558492E-2
1,544670400E+3	1,690128864E-2
1,544670450E+3	1,657900715E-2
1,544670500E+3	1,496759971E-2
1,544670550E+3	1,609558492E-2
1,544670600E+3	1,351733303E-2
1,544670650E+3	1,754585161E-2
1,544670700E+3	1,593444417E-2
1,544670750E+3	1,464531823E-2
1,544670800E+3	1,448417748E-2
1,544670850E+3	1,303391080E-2
1,544670900E+3	1,351733303E-2
1,544670950E+3	1,287277006E-2
1,544671000E+3	1,351733303E-2
1,544671050E+3	1,448417748E-2
1,544671100E+3	1,545102194E-2
1,544671150E+3	1,480645897E-2
1,544671200E+3	1,367847377E-2
1,544671250E+3	1,545102194E-2
1,544671300E+3	1,690128864E-2
1,544671350E+3	1,657900715E-2
1,544671400E+3	1,512874046E-2
1,544671450E+3	1,674014789E-2
1,544671500E+3	1,512874046E-2
1,544671550E+3	1,271162932E-2
1,544671600E+3	1,416189600E-2
1,544671650E+3	1,464531823E-2
1,544671700E+3	1,303391080E-2
1,544671750E+3	1,400075525E-2
1,544671800E+3	1,271162932E-2
1,544671850E+3	1,448417748E-2
1,544671900E+3	1,400075525E-2
1,544671950E+3	1,335619228E-2
1,544672000E+3	1,383961451E-2
1,544672050E+3	1,464531823E-2
1,544672100E+3	1,335619228E-2
1,544672150E+3	1,561216269E-2
1,544672200E+3	1,496759971E-2
1,544672250E+3	1,351733303E-2
1,544672300E+3	1,545102194E-2
1,544672350E+3	1,464531823E-2
1,544672400E+3	1,577330343E-2
1,544672450E+3	1,512874046E-2
1,544672500E+3	1,512874046E-2
1,544672550E+3	1,674014789E-2
1,544672600E+3	1,545102194E-2
1,544672650E+3	1,512874046E-2
1,544672700E+3	1,351733303E-2
1,544672750E+3	1,480645897E-2
1,544672800E+3	1,593444417E-2
1,544672850E+3	1,641786640E-2
1,544672900E+3	1,625672566E-2
1,544672950E+3	1,722357012E-2
1,544673000E+3	1,577330343E-2
1,544673050E+3	1,609558492E-2
1,544673100E+3	1,690128864E-2
1,544673150E+3	1,609558492E-2
1,544673200E+3	1,674014789E-2
1,544673250E+3	1,770699236E-2
1,544673300E+3	1,609558492E-2
1,544673350E+3	1,496759971E-2
1,544673400E+3	1,593444417E-2
1,544673450E+3	1,706242938E-2
1,544673500E+3	1,512874046E-2
1,544673550E+3	1,770699236E-2
1,544673600E+3	1,947954055E-2
1,544673650E+3	1,996296279E-2
1,544673700E+3	1,802927385E-2
1,544673750E+3	2,060752578E-2
1,544673800E+3	1,947954055E-2
1,544673850E+3	2,238007399E-2
1,544673900E+3	2,157437025E-2
1,544673950E+3	2,254121474E-2
1,544674000E+3	2,109094801E-2
1,544674050E+3	2,060752578E-2
1,544674100E+3	2,286349623E-2
1,544674150E+3	2,109094801E-2
1,544674200E+3	2,238007399E-2
1,544674250E+3	2,028524428E-2
1,544674300E+3	2,495832595E-2
1,544674350E+3	2,447490371E-2
1,544674400E+3	2,350805922E-2
1,544674450E+3	2,415262221E-2
1,544674500E+3	2,479718521E-2
1,544674550E+3	2,383034072E-2
1,544674600E+3	2,705315569E-2
1,544674650E+3	2,673087419E-2
1,544674700E+3	2,866456319E-2
1,544674750E+3	2,802000019E-2
1,544674800E+3	2,898684470E-2
1,544674850E+3	3,043711146E-2
1,544674900E+3	2,914798545E-2
1,544674950E+3	2,914798545E-2
1,544675000E+3	3,140395597E-2
1,544675050E+3	3,253194123E-2
1,544675100E+3	3,511019329E-2
1,544675150E+3	3,478791178E-2
1,544675200E+3	3,333764500E-2
1,544675250E+3	3,446563027E-2
1,544675300E+3	3,446563027E-2
1,544675350E+3	3,639931933E-2
1,544675400E+3	3,768844537E-2
1,544675450E+3	3,688274159E-2
1,544675500E+3	3,929985293E-2
1,544675550E+3	4,042783823E-2
1,544675600E+3	3,736616386E-2
1,544675650E+3	4,075011974E-2
1,544675700E+3	4,187810505E-2
1,544675750E+3	4,510092023E-2
1,544675800E+3	4,461749795E-2
1,544675850E+3	4,574548327E-2
1,544675900E+3	4,864601697E-2
1,544675950E+3	4,574548327E-2
1,544676000E+3	4,622890555E-2
1,544676050E+3	4,848487620E-2
1,544676100E+3	5,106312841E-2
1,544676150E+3	5,235225452E-2
1,544676200E+3	5,460822522E-2
1,544676250E+3	5,992587054E-2
1,544676300E+3	5,476936599E-2
1,544676350E+3	5,750875902E-2
1,544676400E+3	6,073157438E-2
1,544676450E+3	5,783104055E-2
1,544676500E+3	6,330982670E-2
1,544676550E+3	5,847560362E-2
1,544676600E+3	6,427667133E-2
1,544676650E+3	7,023887993E-2
1,544676700E+3	6,330982670E-2
1,544676750E+3	7,201142847E-2
1,544676800E+3	6,911089451E-2
1,544676850E+3	7,442854012E-2
1,544676900E+3	7,394511779E-2
1,544676950E+3	7,652337024E-2
1,544677000E+3	8,248557913E-2
1,544677050E+3	7,378397701E-2
1,544677100E+3	7,539538479E-2
1,544677150E+3	8,329128304E-2
1,544677200E+3	8,780322501E-2
1,544677250E+3	8,780322501E-2
1,544677300E+3	8,393584618E-2
1,544677350E+3	8,860892895E-2
1,544677400E+3	8,635295794E-2
1,544677450E+3	8,748094344E-2
1,544677500E+3	8,860892895E-2
1,544677550E+3	8,441926853E-2
1,544677600E+3	8,812550659E-2
1,544677650E+3	8,893121052E-2
1,544677700E+3	9,408771576E-2
1,544677750E+3	8,860892895E-2
1,544677800E+3	9,005919603E-2
1,544677850E+3	8,635295794E-2
1,544677900E+3	9,038147761E-2
1,544677950E+3	9,102604076E-2
1,544678000E+3	8,909235131E-2
1,544678050E+3	9,408771576E-2
1,544678100E+3	9,988878428E-2
1,544678150E+3	9,167060391E-2
1,544678200E+3	9,102604076E-2
1,544678250E+3	9,763281317E-2
1,544678300E+3	9,876079872E-2
1,544678350E+3	1,006944882E-1
1,544678400E+3	1,023058962E-1
1,544678450E+3	1,008556290E-1
1,544678500E+3	1,053675713E-1
1,544678550E+3	1,064955569E-1
1,544678600E+3	1,068178385E-1
1,544678650E+3	1,069789793E-1
1,544678700E+3	1,071401201E-1
1,544678750E+3	1,116520625E-1
1,544678800E+3	1,093960913E-1
1,544678850E+3	1,135857522E-1
1,544678900E+3	1,118132033E-1
1,544678950E+3	1,226096374E-1
1,544679000E+3	1,218039333E-1
1,544679050E+3	1,189033988E-1
1,544679100E+3	1,267992984E-1
1,544679150E+3	1,303443964E-1
1,544679200E+3	1,287329882E-1
1,544679250E+3	1,359843250E-1
1,544679300E+3	1,387237189E-1
1,544679350E+3	1,461361968E-1
1,544679400E+3	1,408185496E-1
1,544679450E+3	1,271215801E-1
1,544679500E+3	1,160028642E-1
1,544679550E+3	9,747167238E-2
1,544679600E+3	8,877006973E-2
1,544679650E+3	6,943317606E-2
1,544679700E+3	4,123354201E-2
1,544679750E+3	2,366919997E-2
1,544679800E+3	1,287277006E-2
1,544679850E+3	9,488814493E-3
1,544679900E+3	1,077794042E-2
1,544679950E+3	1,496759971E-2
1,544680000E+3	2,479718521E-2
1,544680050E+3	5,621963288E-2
1,544680100E+3	2,881013171E-1
1,544680150E+3	1,441716072E+0
1,544680200E+3	1,612834351E-1
1,544680250E+3	5,412480293E-2
1,544680300E+3	3,978327520E-2
1,544680350E+3	6,298754516E-2
1,544680400E+3	4,350619347E-1
1,544680450E+3	1,592868594E+0
1,544680500E+3	1,108463585E-1
1,544680550E+3	7,749021491E-2
1,544680600E+3	3,188737822E-2
1,544680650E+3	1,142250338E-2
1,544680700E+3	8,521970053E-3
1,544680750E+3	1,142250338E-2
1,544680800E+3	2,254121474E-2
1,544680850E+3	5,219111375E-2
1,544680900E+3	6,282702829E-1
1,544680950E+3	4,619725032E-1
1,544681000E+3	7,926276349E-2
1,544681050E+3	3,607703782E-2
1,544681100E+3	6,266526362E-2
1,544681150E+3	5,283626733E-1
1,544681200E+3	7,204431946E-1
1,544681250E+3	1,039173042E-1
1,544681300E+3	6,185955977E-2
1,544681350E+3	2,141322951E-2
1,544681400E+3	8,683110793E-3
1,544681450E+3	8,521970053E-3
1,544681500E+3	1,641786640E-2
1,544681550E+3	4,123354201E-2
1,544681600E+3	3,462732106E-1
1,544681650E+3	1,364850824E+0
1,544681700E+3	1,467807601E-1
1,544681750E+3	6,202070054E-2
1,544681800E+3	4,429521643E-2
1,544681850E+3	4,203924580E-2
1,544681900E+3	5,122426917E-2
1,544681950E+3	8,264671991E-2
1,544682000E+3	1,401739863E-1
1,544682050E+3	2,974474924E-1
1,544682100E+3	6,621099783E-1
1,544682150E+3	1,203546927E+0
1,544682200E+3	1,573209073E+0
1,544682250E+3	1,875676511E+0
1,544682300E+3	2,046812416E+0
1,544682350E+3	2,079524913E+0
1,544682400E+3	2,049551885E+0
1,544682450E+3	1,865040969E+0
1,544682500E+3	1,642178573E+0
1,544682550E+3	1,313929667E+0
1,544682600E+3	1,043532571E+0
1,544682650E+3	1,210153771E+0
1,544682700E+3	8,593472999E-1
1,544682750E+3	8,301806424E-1
1,544682800E+3	9,333114114E-1
1,544682850E+3	8,329200518E-1
1,544682900E+3	8,308252093E-1
1,544682950E+3	9,138132404E-1
1,544683000E+3	8,177727303E-1
1,544683050E+3	7,544440636E-1
1,544683100E+3	9,191309229E-1
1,544683150E+3	1,107989467E+0
1,544683200E+3	1,229329739E+0
1,544683250E+3	1,212570910E+0
1,544683300E+3	1,311029096E+0
1,544683350E+3	1,339873669E+0
1,544683400E+3	1,577882237E+0
1,544683450E+3	1,814280460E+0
1,544683500E+3	1,607371524E+0
1,544683550E+3	1,882928019E+0
1,544683600E+3	1,714048762E+0
1,544683650E+3	2,121745023E+0
1,544683700E+3	2,079363768E+0
1,544683750E+3	2,037465992E+0
1,544683800E+3	2,116588366E+0
1,544683850E+3	1,966239871E+0
1,544683900E+3	2,083875839E+0
1,544683950E+3	2,142693949E+0
1,544684000E+3	2,085326147E+0
1,544684050E+3	1,896947604E+0
1,544684100E+3	1,951092249E+0
1,544684150E+3	2,004592383E+0
1,544684200E+3	2,050679902E+0
1,544684250E+3	2,054386243E+0
1,544684300E+3	1,999596886E+0
1,544684350E+3	1,913384364E+0
1,544684400E+3	1,938200661E+0
1,544684450E+3	1,953509423E+0
1,544684500E+3	1,938200661E+0
1,544684550E+3	1,851988261E+0
1,544684600E+3	1,805095231E+0
1,544684650E+3	1,697289785E+0
1,544684700E+3	1,612850410E+0
1,544684750E+3	1,612366979E+0
1,544684800E+3	1,623969327E+0
1,544684850E+3	1,527122029E+0
1,544684900E+3	1,446872654E+0
1,544684950E+3	1,430597193E+0
1,544685000E+3	1,372585687E+0
1,544685050E+3	1,311512525E+0
1,544685100E+3	1,287663391E+0
1,544685150E+3	1,265747980E+0
1,544685200E+3	1,230296595E+0
1,544685250E+3	1,120075141E+0
1,544685300E+3	1,046916557E+0
1,544685350E+3	1,038053738E+0
1,544685400E+3	9,671512240E-1
1,544685450E+3	9,316999922E-1
1,544685500E+3	8,377543039E-1
1,544685550E+3	7,479984003E-1
1,544685600E+3	7,771650304E-1
1,544685650E+3	6,148955491E-1
1,544685700E+3	5,863735323E-1
1,544685750E+3	5,630080438E-1
1,544685800E+3	4,895276422E-1
1,544685850E+3	4,656787497E-1
1,544685900E+3	4,419910027E-1
1,544685950E+3	4,073456663E-1
1,544686000E+3	3,485291848E-1
1,544686050E+3	3,200072283E-1
1,544686100E+3	2,550674256E-1
1,544686150E+3	2,831059477E-1
1,544686200E+3	2,636078945E-1
1,544686250E+3	2,663472903E-1
1,544686300E+3	2,259009218E-1
1,544686350E+3	2,391144754E-1
1,544686400E+3	2,241283720E-1
1,544686450E+3	2,007629444E-1
1,544686500E+3	2,006018035E-1
1,544686550E+3	1,899665064E-1
1,544686600E+3	1,757861111E-1
1,544686650E+3	1,630559843E-1
1,544686700E+3	1,828763086E-1
1,544686750E+3	1,551600833E-1
1,544686800E+3	1,604777309E-1
1,544686850E+3	1,619279985E-1
1,544686900E+3	1,277661433E-1
1,544686950E+3	1,430745211E-1
1,544687000E+3	1,532263933E-1
1,544687050E+3	1,271215801E-1
1,544687100E+3	1,197091028E-1
1,544687150E+3	1,266381576E-1
1,544687200E+3	1,163251459E-1
1,544687250E+3	1,066566977E-1
1,544687300E+3	1,179365539E-1
1,544687350E+3	1,015001922E-1
1,544687400E+3	9,328201181E-2
1,544687450E+3	9,779395396E-2
1,544687500E+3	1,011779106E-1
1,544687550E+3	8,764208423E-2
1,544687600E+3	9,038147761E-2
1,544687650E+3	9,376543418E-2
1,544687700E+3	8,087417130E-2
1,544687750E+3	8,844778816E-2
1,544687800E+3	8,200215678E-2
1,544687850E+3	7,781249647E-2
1,544687900E+3	7,136686536E-2
1,544687950E+3	7,426739934E-2
1,544688000E+3	6,621036059E-2
1,544688050E+3	7,136686536E-2
1,544688100E+3	5,960358900E-2
1,544688150E+3	5,992587054E-2
1,544688200E+3	7,265599157E-2
1,544688250E+3	6,411553056E-2
1,544688300E+3	6,314868593E-2
1,544688350E+3	6,314868593E-2
1,544688400E+3	5,799218132E-2
1,544688450E+3	5,783104055E-2
1,544688500E+3	6,057043361E-2
1,544688550E+3	5,654191442E-2
1,544688600E+3	5,912016669E-2
1,544688650E+3	5,654191442E-2
1,544688700E+3	5,219111375E-2
1,544688750E+3	4,896829849E-2
1,544688800E+3	4,912943925E-2
1,544688850E+3	5,025742459E-2
1,544688900E+3	5,106312841E-2
1,544688950E+3	5,202997299E-2
1,544689000E+3	4,977400230E-2
1,544689050E+3	4,848487620E-2
1,544689100E+3	4,961286154E-2
1,544689150E+3	4,671232783E-2
1,544689200E+3	5,025742459E-2
1,544689250E+3	4,477863871E-2
1,544689300E+3	4,510092023E-2
1,544689350E+3	4,880715773E-2
1,544689400E+3	4,800145392E-2
1,544689450E+3	4,639004631E-2
1,544689500E+3	4,832373544E-2
1,544689550E+3	4,558434251E-2
1,544689600E+3	4,493977947E-2
1,544689650E+3	4,784031316E-2
1,544689700E+3	4,864601697E-2
1,544689750E+3	4,655118707E-2
1,544689800E+3	4,493977947E-2
1,544689850E+3	4,639004631E-2
1,544689900E+3	4,719575011E-2
1,544689950E+3	4,671232783E-2
1,544690000E+3	4,236152732E-2
1,544690050E+3	4,268380884E-2
1,544690100E+3	4,493977947E-2
1,544690150E+3	4,751803163E-2
1,544690200E+3	4,687346859E-2
1,544690250E+3	4,751803163E-2
1,544690300E+3	4,816259468E-2
1,544690350E+3	4,784031316E-2
1,544690400E+3	4,735689087E-2
1,544690450E+3	4,639004631E-2
1,544690500E+3	4,896829849E-2
1,544690550E+3	4,864601697E-2
1,544690600E+3	4,880715773E-2
1,544690650E+3	5,009628383E-2
1,544690700E+3	4,912943925E-2
1,544690750E+3	4,896829849E-2
1,544690800E+3	5,283567681E-2
1,544690850E+3	5,573621058E-2
1,544690900E+3	5,460822522E-2
1,544690950E+3	5,041856535E-2
1,544691000E+3	5,074084688E-2
1,544691050E+3	5,428594369E-2
1,544691100E+3	5,928130746E-2
1,544691150E+3	5,670305518E-2
1,544691200E+3	5,589735135E-2
1,544691250E+3	5,831446285E-2
1,544691300E+3	6,137613746E-2
1,544691350E+3	6,008701131E-2
1,544691400E+3	6,185955977E-2
1,544691450E+3	6,363210824E-2
1,544691500E+3	6,379324901E-2
1,544691550E+3	6,621036059E-2
1,544691600E+3	6,637150136E-2
1,544691650E+3	7,136686536E-2
1,544691700E+3	7,265599157E-2
1,544691750E+3	6,395438978E-2
1,544691800E+3	7,330055468E-2
1,544691850E+3	7,458968090E-2
1,544691900E+3	8,071303052E-2
1,544691950E+3	7,410625856E-2
1,544692000E+3	7,813477803E-2
1,544692050E+3	8,022960818E-2
1,544692100E+3	7,684565179E-2
1,544692150E+3	8,586953559E-2
1,544692200E+3	8,313014226E-2
1,544692250E+3	8,844778816E-2
1,544692300E+3	8,973691446E-2
1,544692350E+3	8,715866187E-2
1,544692400E+3	9,859965793E-2
1,544692450E+3	9,586026446E-2
1,544692500E+3	9,537684208E-2
1,544692550E+3	9,682710921E-2
1,544692600E+3	1,089126689E-1
1,544692650E+3	1,143914562E-1
1,544692700E+3	1,118132033E-1
1,544692750E+3	1,110074993E-1
1,544692800E+3	1,168085683E-1
1,544692850E+3	1,140691746E-1
1,544692900E+3	1,206759476E-1
1,544692950E+3	1,185811171E-1
1,544693000E+3	1,203536660E-1
1,544693050E+3	1,279272841E-1
1,544693100E+3	1,240599046E-1
1,544693150E+3	1,451693519E-1
1,544693200E+3	1,398517047E-1
1,544693250E+3	1,345340576E-1
1,544693300E+3	1,479087459E-1
1,544693350E+3	1,340506351E-1
1,544693400E+3	1,590274634E-1
1,544693450E+3	1,546766608E-1
1,544693500E+3	1,736912800E-1
1,544693550E+3	1,575771959E-1
1,544693600E+3	1,761083928E-1
1,544693650E+3	1,964121409E-1
1,544693700E+3	1,762695336E-1
1,544693750E+3	1,951230140E-1
1,544693800E+3	1,901276472E-1
1,544693850E+3	2,139764962E-1
1,544693900E+3	2,189718636E-1
1,544693950E+3	2,323465576E-1
1,544694000E+3	2,418538708E-1
1,544694050E+3	2,433041390E-1
1,544694100E+3	2,402424618E-1
1,544694150E+3	2,444321253E-1
1,544694200E+3	2,653804447E-1
1,544694250E+3	3,275808547E-1
1,544694300E+3	3,138838711E-1
1,544694350E+3	3,717334924E-1
1,544694400E+3	3,938098163E-1
1,544694450E+3	4,010611643E-1
1,544694500E+3	4,410241560E-1
1,544694550E+3	5,340026166E-1
1,544694600E+3	5,153102340E-1
1,544694650E+3	5,235284363E-1
1,544694700E+3	4,816317246E-1
1,544694750E+3	5,947528811E-1
1,544694800E+3	5,847621191E-1
1,544694850E+3	6,553420383E-1
1,544694900E+3	7,724919233E-1
1,544694950E+3	8,227681233E-1
1,544695000E+3	8,643426953E-1
1,544695050E+3	9,007607483E-1
1,544695100E+3	1,025968077E+0
1,544695150E+3	1,021456098E+0
1,544695200E+3	1,218533185E+0
1,544695250E+3	1,085107262E+0
1,544695300E+3	1,291047389E+0
1,544695350E+3	1,321019952E+0
1,544695400E+3	1,371618829E+0
1,544695450E+3	1,359210820E+0
1,544695500E+3	1,453801813E+0
1,544695550E+3	1,591418301E+0
1,544695600E+3	1,500211081E+0
1,544695650E+3	1,390794848E+0
1,544695700E+3	1,547264963E+0
1,544695750E+3	1,388699988E+0
1,544695800E+3	1,531311758E+0
1,544695850E+3	1,472655573E+0
1,544695900E+3	1,489092190E+0
1,544695950E+3	1,430274907E+0
1,544696000E+3	1,365334253E+0
1,544696050E+3	1,334717096E+0
1,544696100E+3	1,423345752E+0
1,544696150E+3	1,266714836E+0
1,544696200E+3	1,306194812E+0
1,544696250E+3	1,132644245E+0
1,544696300E+3	1,169545859E+0
1,544696350E+3	1,135061381E+0
1,544696400E+3	1,041760007E+0
1,544696450E+3	1,014688129E+0
1,544696500E+3	1,004375035E+0
1,544696550E+3	9,706963481E-1
1,544696600E+3	9,012441739E-1
1,544696650E+3	8,179338720E-1
1,544696700E+3	8,865802656E-1
1,544696750E+3	6,954662607E-1
1,544696800E+3	8,164835967E-1
1,544696850E+3	6,801578205E-1
1,544696900E+3	6,361662108E-1
1,544696950E+3	5,995871211E-1
1,544697000E+3	4,924281835E-1
1,544697050E+3	4,946841602E-1
1,544697100E+3	4,366733458E-1
1,544697150E+3	3,838190708E-1
1,544697200E+3	3,491737488E-1
1,544697250E+3	3,517520051E-1
1,544697300E+3	3,212963562E-1
1,544697350E+3	3,138838711E-1
1,544697400E+3	2,549062847E-1
1,544697450E+3	2,645747401E-1
1,544697500E+3	2,463658163E-1
1,544697550E+3	2,426595754E-1
1,544697600E+3	2,439487026E-1
1,544697650E+3	1,881939569E-1
1,544697700E+3	1,754638294E-1
1,544697750E+3	1,857768440E-1
1,544697800E+3	1,669233645E-1
1,544697850E+3	1,458139152E-1
1,544697900E+3	1,450082110E-1
1,544697950E+3	1,264770168E-1
1,544698000E+3	1,166474275E-1
1,544698050E+3	1,151971602E-1
1,544698100E+3	1,197091028E-1
1,544698150E+3	1,058509937E-1
1,544698200E+3	1,003722067E-1
1,544698250E+3	1,095572321E-1
1,544698300E+3	9,457113813E-2
1,544698350E+3	9,231516707E-2
1,544698400E+3	8,683638030E-2
1,544698450E+3	8,280786069E-2
1,544698500E+3	8,264671991E-2
1,544698550E+3	7,620108868E-2
1,544698600E+3	7,007773916E-2
1,544698650E+3	7,426739934E-2
1,544698700E+3	6,894975374E-2
1,544698750E+3	6,749948677E-2
1,544698800E+3	6,153727823E-2
1,544698850E+3	5,944244823E-2
1,544698900E+3	6,411553056E-2
1,544698950E+3	6,250412285E-2
1,544699000E+3	6,218184131E-2
1,544699050E+3	5,750875902E-2
1,544699100E+3	5,928130746E-2
1,544699150E+3	5,621963288E-2
1,544699200E+3	5,364138063E-2
1,544699250E+3	4,977400230E-2
1,544699300E+3	5,444708446E-2
1,544699350E+3	5,299681757E-2
1,544699400E+3	4,574548327E-2
1,544699450E+3	4,880715773E-2
1,544699500E+3	4,268380884E-2
1,544699550E+3	4,348951263E-2
1,544699600E+3	4,526206098E-2
1,544699650E+3	4,236152732E-2
1,544699700E+3	4,058897898E-2
1,544699750E+3	4,042783823E-2
1,544699800E+3	3,913871217E-2
1,544699850E+3	3,736616386E-2
1,544699900E+3	3,720502310E-2
1,544699950E+3	3,849414915E-2
